750
854
754
694
430
978
729
69 571
143 636
253 763
852
966
395 897
771
848
174
787
725
472
88 585
337 834
505
867
420
376 876
269 783
331 828
13
290 798
11
509
217
390 891
736
672
730
629
21
416
748
188 697
256 765
409 912
115 612
224 721
549
804
490 993
375 873
90
465 968
380
739
382 879
438 945
318 814
236 740
482 988
117 617
809
160 666
207 711
366 862
365 861
324 818
257 769
146 643
728
254
329
87
895
878
226 726
272
495 999
679
219
181
37 527
128 625
295 801
58 552
123 620
743
387
267
955
42
485
432 940
247
557
316
285 795
166
340
313
423
319
756
210
627
358
460
550
646
741
225
120
383 881
52 543
159
786
145
938
76 577
393
594
170
304 806
102 601
899
122
229
349
532
130 630
463
392 892
214 714
845
202
326
85 582
397
311
623
406
436
335 832
262 773
343 840
401 902
514
266 782
972
494 996
32 524
403 904
499
431
483
811
874
886
507
799
626
59 553
435
584
907
299
186
645
360
412
116 615
396
565
836
950
733
336 833
597
283
231 735
12 511
917
554
27 521
204 709
939
106
50
519
792
192
367
211
213
546
149
300
976
302
443 946
347
371 868
456
31 523
398 898
606
780
870
784
370
449 953
669
815
755
486
252 762
171 681
105 607
671
655
280 794
255
80 579
706
417 920
900
328
802
602
921
540
611
377
954
175 685
843
307 810
327 824
93 587
487 991
306 808
466 973
153 660
851
218 716
187
933
356
970
650
260
424 930
292
457
5
712
746
84 581
469 974
248 758
66 564
997
820
182 689
70
411
869
951
40 528
640
315
368 866
227 731
345 846
332
222
23
616
33
819
369
963
303
777
351
468
92
341 838
64 562
560
4
644
592
43
241
305
233
261
113
708
831
48
989
191 699
702
28
309
444 947
539
614
362
790
478 984
779
36 525
723
914
164
6 501
688
924
9
713
561
747
621
678
342
427 934
121
488
274
35
531
389
161 668
656
205
16
722
189
237 744
986
281
228
998
877
445 949
2 498
141
190 698
888
162 670
151 657
96 595
137 634
156 662
221 717
497
734
408 911
361
277
25
764
969
863
875
308
110
293
491
421
14
45
109
842
132
355 856
551
374
127
279
54 545
108 608
0 496
183 695
216
157 664
344 841
147 651
388 885
240
72 573
348
484 990
134 633
29
251
333
761
404
352
827
719
489
447 952
263 774
339 837
177
913
57 548
133 632
359 857
276
314
169 676
394 894
243 751
649
44 529
855
144 637
81
418 927
475 981
803
446
407 910
829
502
839
807
74
576
291 800
178
124 622
334
71 572
244 752
454 957
208
778
275
139
75
402 903
294
197
639
772
79 578
605
757
232
129 628
65 563
148
905
823
7
575
667
38
378
323
282
215 715
437 943
935
8 503
19
440
647
942
890
196
296
250 760
936
386 884
249 759
648
312
330 825
173 684
642
925
569
994
591
103
209
136
346
476 982
271 789
270 788
95 590
481 985
516
373 872
830
405 909
742
859
200 705
570
574
363 858
91 586
163 673
152 659
206 710
264 781
238 749
588
198 701
53 544
97 598
15 512
500
474 980
419 928
46 534
167
3
413 916
20 517
278
118 618
320
154
458 960
461 965
49 537
459 961
155 661
682
63
441
889
922
520
212
107
34
185 696
931
379
357
893
864
86 583
690
195 700
310 813
908
983
812
822
193
536
67 566
17
677
555
492 995
538
791
613
775
433
41
354
439
385 883
30 522
297 805
384 882
470 977
428 937
168 675
415 919
399 901
364
242 750
199 703
826
111
896
480
593
317
325
239
596
691
353 853
638
78
89
22
887
477
140
473
77
179
434 941
849
515
448
541
944
135
39
479
559
654
971
738
471 979
114 609
55 547
414 918
172 683
455 958
10 510
223 720
567
184
964
235
201
768
338 835
284
83
860
707
56
724
865
350 847
18 513
493
767
948
104 603
680
992
718
288 796
119 619
906
246 753
975
142
126 624
230
289 797
693
526
51 542
467
301
194
410 915
926
24
298
112
265
687
273 793
165 674
766
692
286
100
60
776
203
258
745
47 535
220
322 817
68 568
732
652
663
727
99 599
658
962
62
422 929
138 635
453
381
426 932
506
987
604
245
1
508
641
821
504
180 686
82 580
234 737
101 600
61 558
176
850
125
462
131 631
442
610
391
844
451
321 816
158 665
880
287
98
452 956
923
429
150 653
372 871
73
259 770
26 518
425
533
450
704
464 967
530
400
268
556
785
94 589
959
